597	[]
1996	[]
423	[]
290	[]
197	[]
747	[]
858	[]
1611	[]
1190	[]
1630	[]
1001	[]
1345	[]
1681	[]
1577	[]
2050	[]
71	[]
1138	[entity1=link1, entity2=link2].
975	[]
1513	[]
737	[]
1279	[]
786	[]
325	[ENTITY=link]
1992	[]
212	[]
1048	[]
1342	[]
1834	[]
1693	[]
963	[]
1837	[]
789	[]
409	[]
255	[]
1314	[]
631	[]
1999	[]
487	[]
555	[]
999	[]
238	[]
1876	[]
1376	[]
291	[]
480	[]
584	[]
544	[]
1925	[]
1178	[]
276	[]
30	[]
1814	[]
282	[]
185	[]
1631	[]
234	[]
1152	[]
1987	[]
1500	[]
1717	[]
1363	[entity1=link1, entity2=link2].
808	[]
818	[]
2036	[]
1850	[]
68	[]
129	[]
545	[]
2063	[Jokowi=https://id.wikipedia.org/wiki/Joko_Widodo]
52	[]
1095	[]
1945	[]
608	[]
2088	[]
1375	[]
300	[]
1921	[]
232	[]
368	[]
1786	[]
308	[]
1520	[]
1740	[]
496	[]
974	[entity1=link1, entity2=link2].
614	[]
112	[]
1766	[]
1308	[]
252	[]
299	[]
1412	[]
1044	[]
121	[]
793	[]
1709	[]
1341	[]
110	[entity1=link1, entity2=link2]
1880	[]
1784	[]
1288	[]
2104	[]
565	[]
1091	[]
2107	[]
1944	[]
483	[]
421	[]
1899	[]
1927	[]
1085	[entity1=link1, entity2=link2].
101	[]
1240	[]
939	[]
998	[]
1394	[]
980	[]
2106	[]
1553	[]
57	[]
1293	[]
1761	[]
1330	[]
1132	[entity1=link1, entity2=link2].
553	[]
1403	[]
950	[]
1455	[]
687	[]
1719	[]
1978	[]
430	[entity1=link1, entity2=link2].
1594	[]
1916	[]
1117	[]
1090	[]
1407	[]
1646	[]
486	[]
1069	[]
1792	[]
1161	[]
531	[]
428	[]
70	[entity1=link1, entity2=link2].
369	[]
1653	[]
1933	[]
520	[]
669	[]
580	[]
1037	[]
248	[]
1357	[]
612	[]
671	[]
1362	[]
1603	[]
1804	[]
708	[]
241	[entity1=link1, entity2=link2].
1005	[]
481	[]
1914	[]
1994	[]
322	[]
1660	[]
1897	[]
870	[]
213	[]
240	[]
125	[]
495	[]
1121	[]
375	[]
1122	[]
830	[]
351	[]
417	[]
66	[]
1623	[]
515	[]
635	[]
2110	[]
1602	[]
298	[]
1356	[]
1685	[]
618	[]
1989	[]
1369	[]
1457	[]
1126	[]
583	[]
695	[]
889	[]
530	[]
1593	[]
757	[]
619	[]
1587	[]
901	[entity2=Q3083], [entity1=Q1023311]
1759	[]
2029	[]
97	[]
2085	[]
813	[]
1790	[]
189	[]
1739	[]
1454	[]
904	[]
